17,23
1,0,1,0,1,0,0,1,1,0,0,0,0,1,0,1,0,0,0,1,0,1,0
0,0,1,0,1,0,1,0,1,0,0,0,0,1,0,1,0,0,0,0,0,0,0
0,0,0,0,0,0,0,0,0,0,1,0,0,0,0,0,0,0,1,0,0,1,0
0,0,0,0,1,0,0,0,0,0,1,0,0,1,0,0,1,0,1,0,0,0,0
0,1,0,0,0,0,1,0,0,0,0,0,0,0,0,0,0,0,0,0,0,0,1
0,0,1,0,1,0,0,0,0,0,1,0,1,0,1,0,0,1,0,0,1,0,0
1,0,0,0,0,0,0,1,0,0,0,0,0,0,0,0,0,0,0,0,0,0,0
0,0,1,0,1,0,0,0,1,0,1,0,1,0,0,0,1,0,1,0,0,0,0
1,0,0,0,0,0,0,0,0,0,0,0,0,0,0,0,0,0,0,0,0,1,0
0,0,1,0,1,0,0,0,0,1,0,0,1,0,0,1,0,0,1,0,0,1,0
1,0,0,0,0,0,1,0,0,0,0,0,0,0,0,0,0,0,0,0,0,0,0
1,0,0,0,1,0,0,0,0,1,0,0,0,0,0,0,0,1,0,1,0,0,0
0,0,1,0,0,0,1,0,0,0,0,0,1,0,0,1,0,0,0,0,0,0,0
1,0,1,0,0,0,0,1,0,0,0,0,1,0,0,0,0,1,0,1,0,0,1
0,0,0,0,1,0,0,0,0,1,0,0,0,0,1,0,0,0,0,0,0,0,0
1,0,1,0,0,1,0,1,0,0,0,1,0,0,1,0,0,0,1,0,0,1,0
0,0,1,0,0,0,0,0,0,0,0,0,0,0,0,0,1,0,0,0,0,0,0
1,10
16,3
E
0
D D S S S A S